79506
79508
79509
79510
79511
79512
79513
79514
79515
79516
79522
79523
79524
79525
79526
79527
79528
79529
79530
79563
79564
79565
79566
79567
79568
79569
79570
79571
79572
80202
80203
80204
80207
80208
80209
80210
80211
80212
80213
80215
80224
80225
80226
80227
80228
80231
80232
80233
80234
80858
80859
80860
80861
80864
80865
80866
80878
80879
80880
80891
80892
80893
80895
80901
80902
80903
80904
80905
80906
80908
80909
80910
80912
80913
80915
81556
81558
81559
81560
81561
81562
81566
81575
81576
81577
81580
81581
81583
81584
81585
81586
81600
81601
81602
81603
81605
81607
81608
81609
81610
81611
81612
81655
81656
81657
81658
81660
81663
81664
81667
81668
