66484
66485
66490
66491
66519
66522
66524
66530
66541
66551
66567
66580
66592
66593
66595
66598
66606
66610
66613
66618
66623
66624
66625
66639
66641
66643
66682
66683
66685
66686
66687
66688
66694
66698
66701
66705
66717
66721
66722
66723
66724
66725
66727
66728
66731
66737
66739
66740
66741
66742
66743
66744
66745
66746
66747
66748
66749
67507
67510
67511
67512
67513
67514
67515
67519
67520
67521
67522
67524
67525
67526
67527
67528
67529
67530
67531
67532
67533
67535
67536
67537
67538
67540
67541
67551
67562
67568
67569
67570
67571
67573
67574
67579
67580
67581
67583
67584
67585
67586
67587
67596
67630
67631
67633
67634
67679
67681
67683
67684
67690
67692
67694
67699
67705
67706
67708
67709
67716
67717
67718
67720
67721
67722
67723
67724
67726
67760
67765
67766
67786
67788
67789
67790
67929
67931
67950
67951
67957
67958
67960
67985
67986
67988
67989
67991
67994
67995
68000
68004
68025
68028
68040
68041
68043
68047
68049
68052
68054
68056
68057
68058
68060
68061
68065
68067
68068
68069
68070
68071
68072
68075
68076
68077
68078
68079
68081
68082
68083
68088
68094
68095
68097
68101
68105
68111
68125
68132
68133
68145
68148
68151
68153
68160
68178
68181
68183
68214
68215
68216
68219
68261
68262
68321
68328
68330
68333
68339
68343
68344
68345
68349
68350
68351
68368
68375
68378
68387
68404
68414
68415
68416
68437
68438
68440
68442
68443
68444
68445
68457
68458
68459
68461
68468
68469
68471
68491
68517
68530
68537
68545
68546
68547
68548
68549
68551
68552
68553
68554
68555
68570
68571
68585
68588
68590
68603
68604
68605
68606
68607
68608
68610
68611
68612
68613
68614
68618
68628
68630
68653
68654
68655
68656
68657
68658
68659
68713
68714
68727
68741
68747
68872
68888
68891
68892
68919
68955
68964
68971
68972
68978
68980
68984
68986
68988
68992
68998
69029
69040
69044
69045
69070
69080
69081
69082
69083
69084
69093
69094
69095
69103
69132
69145
69146
69147
69152
69154
69193
69194
69195
69196
69236
69237
69238
69239
69242
69243
69244
69245
69246
69247
69248
69250
69251
69252
69253
69254
69256
69259
69260
69268
69269
69272
69273
69274
69275
69276
69277
69279
69280
69281
69282
69283
69284
69285
69286
69288
69289
69290
69291
69292
69293
69294
69295
69296
69302
69303
69304
69305
69306
69309
69310
69311
69312
69313
69315
69316
69318
69319
69320
69323
69324
69326
69327
69328
69329
69330
69331
69332
69339
69340
69342
69343
69344
69345
69346
69348
69349
69350
69351
69352
69353
69354
69355
69356
69357
69376
69377
69378
69379
69380
69382
69383
69384
69385
69386
69387
69390
69391
69392
69393
69394
69395
69396
69397
69398
69404
69405
69406
69413
69415
69417
69418
69420
69421
69422
69423
69424
69425
69430
69431
69432
69433
69538
69603
69633
69634
69635
69636
69637
69638
69639
69640
69641
69670
69671
69672
69674
69693
69694
69695
69696
69697
69698
69699
69700
69704
69705
69706
69707
69708
69709
69712
69714
69715
69716
69717
69718
69719
69743
69744
69745
69746
69747
69748
69749
69761
69767
69768
69769
69770
69771
69772
69773
69774
69817
69821
71214
71215
71222
71251
71277
71302
71303
71304
71308
71309
71310
71312
71313
71314
71315
71316
71333
71359
71396
71402
71408
71421
71434
71435
71436
71438
71443
71468
71471
71472
71473
71474
71482
71483
71484
71494
71495
71496
71504
71505
71506
71507
71508
71509
71512
71520
71521
71522
71574
71575
71577
71578
71579
71580
71581
71582
71583
71584
71585
71592
71593
71594
71595
71596
71597
71598
71609
71610
71617
71618
71621
71622
71623
71624
71625
71626
71627
71634
71636
71637
71638
71639
71640
71641
71642
71648
71649
71650
71651
71652
71653
71654
71655
71662
71663
71677
71678
71679
71680
71681
71682
71683
71684
71691
71692
71693
71694
71695
71696
71697
71698
71705
71706
71709
71710
71712
71719
71720
71721
71722
71723
71724
71725
71726
71727
71728
71735
71736
71737
71738
71739
71740
71741
71742
71743
71744
71745
71746
71751
71752
71753
71754
71758
71760
71762
71763
71764
71770
71771
71775
71776
71777
71778
71779
71796
71797
71798
71800
71826
71830
71831
71832
71833
71834
71835
71841
71843
71844
71846
71851
71852
71853
71854
71860
71862
71865
71897
71898
71899
71900
71902
71903
71904
71905
71906
71907
71914
71937
71938
71939
71940
71941
71942
71943
71944
71945
71951
71952
71953
71955
71956
71958
71962
71963
71964
71965
71966
71967
71969
71970
71972
71974
71975
71976
71977
71983
71984
71998
72023
72024
72025
72026
72027
72028
72029
72030
72035
72037
72038
72039
72040
72041
72042
72043
72049
72050
72051
72052
72053
72055
72056
72057
72058
72059
72060
72061
72069
72083
72084
72085
72086
72087
72088
72089
72090
72091
72098
72099
72100
72101
72103
72105
72106
72107
72108
72109
72112
72114
72121
72122
72123
72125
72126
72127
72133
72134
72137
72138
72139
72140
72141
72147
72148
72149
72150
72151
72152
72161
72162
72165
72166
72167
72169
72170
72171
72172
72178
72179
72180
72198
72199
72200
72206
72207
72208
72209
72210
72211
72212
72220
72222
72223
72224
72225
72227
72234
72236
72238
72239
72240
72241
72258
72268
72269
72270
72271
72272
72273
72274
72276
72278
72279
72280
72281
72282
72284
72285
72286
72300
72301
72309
72310
72311
72312
72314
72315
72367
72368
72369
72370
72371
72372
72374
72381
72382
72383
72387
72388
72389
72390
72399
72401
72403
72404
72405
72406
72407
72408
72409
72410
72411
72417
72419
72420
72421
72422
72423
72424
72426
72434
72435
72437
72438
72440
72442
72443
72445
72462
72463
72464
72465
72466
72476
72477
72478
72480
72492
72493
72494
72496
72503
72504
72505
72506
72508
72509
72510
72518
72519
72520
72521
72524
72525
72526
72527
72528
72533
72535
72545
72547
72548
72549
72550
72551
72552
72553
72568
72569
72574
72575
72588
72589
72590
72591
72592
72600
72601
72603
72604
72606
72620
72622
72623
72624
72629
72639
72640
72641
72642
72643
72652
72654
72665
72666
72667
72668
72669
72670
72676
72677
72678
72679
72691
72692
72693
72694
72695
72696
72703
72710
72711
72712
72714
72715
72723
72724
72725
72726
72763
72765
72767
72768
72769
72773
72774
72775
72776
72794
72795
72796
72797
72822
72823
72824
72825
72830
72831
72832
72833
72839
72845
72851
72852
72853
72854
72863
72864
72866
72867
72868
72870
72871
72882
72883
72884
72885
72886
72888
72889
72890
72891
72892
72893
72895
72909
72910
72912
72920
72921
72924
72926
72928
72934
72935
72936
72939
72947
72949
72950
72951
72952
72955
72960
72961
72962
72963
72965
72966
72967
72968
72971
72972
72973
72975
72976
72977
72987
72990
72991
72992
72993
72994
73003
73004
73005
73006
73007
73008
73034
73035
73036
73037
73038
73040
73041
73043
73051
73052
73053
73056
73058
73060
73061
73815
73816
73819
73833
73838
73839
73855
73857
73882
73891
73894
73899
73911
73921
73922
73936
73940
73941
73949
73950
73951
73953
73963
73964
73966
73967
73991
73993
73995
73998
73999
74002
74011
74039
74040
74070
74071
74077
74079
74083
74084
74097
74098
74099
74100
74110
74111
74117
74133
74141
74143
74146
74148
74149
74152
74174
74186
74187
74202
74203
74204
74208
74226
74232
74244
74277
74306
74307
74310
74312
74313
74314
74331
74344
74345
74346
74347
74360
74362
74366
74372
74374
74375
74385
74387
74389
74394
74399
74400
74401
74408
74409
74410
74413
74431
74432
74434
74435
74445
74447
74466
74467
74470
74482
74483
74488
74491
74500
74501
74502
74504
74518
74519
74520
74521
74523
74524
74531
74533
74537
74540
74549
74550
74552
74564
74566
74567
74570
74571
75162
75222
75240
75279
75362
75373
75390
75394
75403
75432
75444
75461
75469
75477
75484
75492
75504
75519
75523
75546
75554
75578
75641
75642
75646
75655
75657
75658
75659
75660
75662
75663
75664
75671
75688
75704
75705
75715
75716
75726
75758
75770
75772
75776
75785
75786
75787
75808
75811
75842
75844
75845
75870
75876
75882
75887
75889
75903
75904
75916
76006
76009
76016
76017
76023
76041
76042
76045
76049
76058
76071
76075
76076
76079
76080
76082
76094
76097
76113
76114
76115
76128
76140
76142
76151
76152
76153
76194
76196
76202
76206
76214
76216
76218
76220
76227
76231
76232
76234
76235
76236
76246
76248
76257
76291
76292
76293
76294
76308
76312
76315
76326
76327
76331
76333
76334
76344
76345
76346
76348
76414
76418
76435
76451
76469
76476
76485
76490
76492
76505
76507
76508
76509
76511
76526
76528
76529
76543
76546
76554
76555
76562
76576
76577
76580
76582
76584
76596
76597
76598
76600
76611
76614
76626
76627
76629
76630
76633
76641
76645
76646
76649
76650
76651
76654
76661
76662
76665
76666
76667
76669
76679
76680
76681
76682
76736
76739
76743
76746
76757
76758
76759
76760
76761
76775
76778
76779
76780
76784
76785
76797
76798
76799
76800
76801
76821
76822
76824
76842
76856
76866
76868
76869
76892
76912
76914
76916
76917
76934
76935
76936
76937
76938
76939
76940
76948
76949
76950
76951
76961
76974
76978
76984
77000
77001
77003
77006
77011
77020
77023
77024
77026
77038
77039
77041
77046
77059
77065
77068
77069
77080
77082
77102
77143
77144
77156
77164
77166
77167
77169
77177
77193
77195
77197
77198
77199
77200
77201
77202
77203
77212
77213
77214
77218
77221
77223
77224
77225
77227
77228
77230
77238
77239
77241
77242
77243
77244
77245
77259
77260
77261
77264
77265
77266
77320
77323
77339
77340
77342
77343
77382
77383
77386
77389
77404
77422
77424
77425
77435
77436
77438
77455
77465
77476
77481
77494
77522
77542
77549
77550
77551
77556
77592
77595
77616
77618
77634
77659
77660
77663
77664
77684
77699
77701
77705
77754
77759
77762
77763
77764
77780
77781
77797
77810
77815
77831
77834
77835
77854
77863
77864
77865
77867
77868
77873
77882
77883
77884
77885
77907
77908
77920
77932
77933
77937
77938
77950
77952
77955
77965
77972
77973
77974
77980
77981
77989
77990
77991
77992
77994
77995
78014
78015
78016
78018
78030
78032
78034
78036
78048
78054
78055
78057
78067
78069
78071
78074
78083
78085
78086
78087
78202
78203
78210
78218
78219
78224
78226
78248
78279
78292
78317
78324
78337
78339
78340
78343
78345
78362
78379
78389
78390
78391
78395
78418
78419
78420
78421
78423
78510
78521
78524
78525
78526
78538
78545
78567
78571
78579
78583
78615
78643
78645
78682
78734
