66753
66755
66757
66759
66761
66762
66767
66768
66769
66770
66771
66772
66774
66775
66776
66777
66778
66779
66783
67243
67244
67246
67247
67248
67249
67250
67254
67255
67256
67257
67258
67259
67260
67264
67437
67438
67439
67440
67441
67442
67451
67452
67457
67458
67460
67461
67465
67466
67467
67468
67469
67470
67473
67483
67485
67486
67490
67492
67493
67494
67495
67501
67589
67591
68194
68197
68198
68199
68200
68201
68202
68203
68205
68231
68232
68235
68237
68255
68256
68257
68266
68268
68411
68429
68430
68480
68481
68482
68483
68484
68527
68638
68639
68643
68644
68645
68685
68686
68689
68690
68699
68701
68702
68704
68705
68721
68737
68738
68873
68874
68875
68936
68939
69057
69115
69179
69180
69182
69187
69229
69337
69526
69527
69528
69529
69530
69531
69532
69535
69536
69557
69558
69600
69601
69685
69727
69755
69757
69759
69764
69781
69783
69784
69785
69788
69794
69795
71194
71232
71238
71239
71242
71243
71244
71281
71282
71283
71284
71285
71286
71287
71288
71289
71290
71293
71294
71295
71296
71297
71386
71387
71485
71489
71492
71532
71537
71540
71541
71542
71543
71545
71546
71553
71556
71558
71560
71563
71564
71565
71566
71567
71611
71612
71670
71671
71674
71785
71786
71787
71788
71789
71890
71891
72335
72338
72339
72341
72342
72344
72345
72350
72351
72354
72355
72356
72357
72451
72453
72454
72455
72456
72457
72458
72459
72485
72543
72791
72806
72807
72809
72810
72900
72901
72904
72905
73026
73066
73068
73069
73070
73521
73522
73526
73527
73529
73530
73531
73532
73533
73534
73535
73536
73572
73573
73574
73575
73576
73579
73590
73592
73593
73594
73595
73596
73597
73598
73600
73601
73603
73604
73605
73617
73620
73621
73622
73626
73627
73628
73629
73634
73635
73636
73637
73639
73640
73641
73642
73643
73646
73647
73648
73649
73650
73656
73662
73663
73664
73665
73666
73667
73668
73669
73676
73677
73678
73679
73680
73681
73682
73683
73688
73689
73690
73691
73695
73702
73703
73704
73705
73707
73708
73709
73710
73711
73712
73719
73720
73722
73723
73724
73732
73734
73748
73750
73752
73753
73759
73760
73761
73762
73767
73768
73769
73782
73783
73788
73789
73790
73791
73792
73793
73794
73795
73796
73801
73802
73803
73804
73805
73862
73863
73864
73865
73867
73874
73875
73876
73877
73878
73879
73880
73888
73889
74034
74239
74272
74273
74298
74299
74300
74356
74425
74456
74457
74458
74459
74460
74461
74463
74464
74578
74579
74580
74581
74586
74587
74589
74596
74597
74615
74616
74622
74626
74627
74629
74630
74631
74632
74633
74638
74639
74640
74641
74642
74645
74646
74647
74748
74749
74750
74751
74752
74753
74754
74755
74756
74759
74773
74792
74793
74800
74801
74802
74803
74805
74809
74858
74859
74860
74861
74862
74863
74867
74868
74911
74914
74915
74917
74919
74921
74922
74927
74928
74931
74932
74933
74934
74936
74941
75098
75099
75100
75101
75121
75122
75123
75133
75136
75153
75154
75155
75156
75157
75194
75197
75204
75205
75206
75207
75208
75210
75343
75344
75345
75354
75355
75356
75386
75387
75414
75415
75416
75681
75682
75683
75684
75803
75804
75825
75826
75827
75828
75829
75830
75831
75832
75855
75858
75877
75878
75895
75896
75897
75898
75899
75900
76034
76036
76174
76176
76177
76178
76179
76180
76189
76190
76191
76241
76270
76395
76396
76397
76519
76568
76717
76718
76719
76722
76729
76844
76958
77106
77107
77108
77109
77110
77111
77116
77119
77123
77126
77134
77136
77277
77295
77298
77299
77302
77308
77309
77312
77313
77314
77315
77316
77355
77396
77397
77536
77537
77538
77539
77647
78091
78094
78096
78099
78102
78105
78672
78673
78676
78677
78678
78679
78719
78720
