76226
76243
76267
76675
76774
76777
76792
76837
76857
77019
77070
77079
77098
77099
77101
77103
77145
77146
77160
77180
77181
77184
77197
77198
77200
77202
77213
77218
77221
77223
77224
77239
77242
77244
77318
77321
77322
77324
77326
77327
77338
77344
77362
77363
77364
77368
77369
77370
77380
77384
77388
77390
77400
77401
77402
77403
77407
77417
77419
77421
77426
77427
77434
77443
77444
77458
77461
77462
77463
77472
77474
77475
77484
77486
77516
77523
77524
77531
77553
77555
77563
77565
77568
77581
77584
77585
77586
77593
77603
77605
77606
77619
77620
77621
77633
77661
77662
77680
77683
77688
77690
77691
77697
77698
77704
77755
77756
77758
77766
77779
77783
77798
77810
77813
77814
77818
77824
77832
77862
77866
77874
77881
77886
77887
77889
77900
77901
77902
77905
77910
77918
77919
77921
77922
77923
77931
77934
77935
77939
77942
77947
77951
77953
77954
77964
78004
78053
78080
78260
78307
78308
78309
78310
78318
78319
78322
78326
78328
78342
78346
78347
78348
78349
78359
78360
78361
78363
78364
78365
78374
78375
78376
78377
78378
78380
78386
78387
78389
78395
78397
78398
78400
78403
78404
78405
78406
78407
78408
78425
78427
78428
78437
78438
78442
78443
78444
78445
78446
78447
78462
78463
78465
78467
78470
78471
78480
78485
78486
78487
78488
78489
78490
78491
78492
78502
78503
78504
78505
78507
78508
78509
78522
78523
78527
78536
78537
78543
78544
78545
78547
78555
78556
78558
78559
78568
78572
78580
78584
78585
78586
78587
78597
78602
78603
78604
78616
78617
78646
78647
78648
78649
78660
78662
78683
78686
78689
78700
78708
78709
78710
78729
78732
78733
78735
78736
78737
78739
78740
78747
78749
78750
78751
78754
78758
78778
78780
78783
78784
78803
78813
78814
78818
78819
78820
78836
78838
78839
78840
78842
78843
78845
78858
78860
78863
78864
78865
78867
78868
78880
78881
78883
78884
78885
78886
78894
78895
78896
78897
78900
78901
78903
78916
78917
78918
78920
78921
78923
78924
78941
78942
78944
78950
78951
78952
78953
78954
