67597
67598
67599
67600
67601
67602
67645
67660
67676
67677
67678
67686
67688
67689
67695
67696
67697
67701
67738
67739
67740
67742
67743
67745
67746
67747
67748
67749
67750
67759
67770
67772
67777
67778
67779
67780
67781
67782
67784
67785
67794
67930
67932
67933
67934
67935
67936
67938
67939
67941
67942
67943
67947
67948
67949
67952
67953
67954
67956
67959
67961
67962
67963
68002
68003
68005
68006
68011
68018
68023
68024
68026
68027
68029
68042
68044
68045
68046
68048
68050
68051
68053
68063
68064
68084
68085
68086
68087
68089
68090
68099
68100
68102
68103
68104
68106
68107
68109
68110
68112
68113
68114
68117
68118
68119
68124
68129
68130
68131
68134
68135
68136
68137
68143
68144
68146
68149
68152
68154
68155
68156
68157
68159
68177
68179
68180
68186
68207
68208
68209
68210
68211
68212
68218
68220
68223
68224
68335
68336
68337
68338
68346
68347
68348
68352
68353
68354
68355
68362
68369
68376
68382
68386
68388
68389
68390
68391
68392
68402
68403
68405
68406
68407
68408
68409
68410
68417
68418
68419
68420
68421
68423
68424
68436
68439
68462
68463
68470
68487
68488
68489
68490
68492
68493
68494
68497
68502
68503
68504
68505
68506
68507
68508
68509
68510
68511
68518
68519
68520
68521
68522
68523
68529
68531
68532
68533
68534
68535
68536
68538
68539
68550
68572
68573
68579
68580
68581
68584
68589
68591
68626
68627
68629
68631
68632
68633
68715
68726
68728
68729
68730
68731
68732
68742
68743
68744
68745
68746
68748
68749
68750
68883
68884
68885
68886
68887
68889
68890
68893
68899
68900
68903
68904
68905
68906
68907
68918
68926
68927
68928
68929
68930
68943
68945
68946
68948
68953
68954
68956
68957
68963
68968
68969
68970
68973
68974
68975
68976
68979
68983
68987
68991
68993
68996
68999
69000
69001
69002
69003
69004
69006
69007
69008
69009
69010
69011
69013
69014
69016
69017
69018
69019
69020
69021
69022
69023
69024
69028
69030
69031
69032
69033
69034
69035
69036
69038
69039
69041
69043
69046
69047
69048
69049
69050
69051
69052
69071
69072
69073
69074
69075
69076
69077
69078
69096
69097
69098
69099
69100
69101
69102
69105
69106
69128
69129
69130
69131
69133
69134
69135
69136
69137
69144
69148
69149
69150
69151
69153
69197
69198
69201
69202
69203
69539
69540
69541
69542
69545
69546
69550
69551
69552
69562
69564
69565
69566
69567
69568
69573
69574
69576
69577
69578
69579
69580
69581
69582
69583
69584
69588
69604
69605
69607
69608
69609
69610
69611
69613
69614
69615
69616
69617
69618
69619
69621
69622
69624
69625
69626
69627
69646
69647
69648
69650
69653
69654
69655
69656
69659
69664
69665
69666
69667
69668
69669
69670
69671
69672
69674
69693
69694
69695
69696
69710
69740
69742
69762
69763
69797
69805
69806
69810
69811
69812
69813
69814
69815
69820
69822
69823
69824
69825
71199
71200
71201
71202
71203
71204
71208
71209
71210
71211
71212
71213
71219
71220
71221
71223
71224
71225
71226
71249
71250
71252
71253
71254
71255
71256
71260
71263
71264
71265
71266
71267
71268
71269
71270
71276
71278
71279
71328
71329
71330
71331
71332
71334
71335
71336
71337
71338
71339
71345
71346
71347
71348
71349
71350
71351
71352
71360
71362
71363
71364
71365
71366
71367
71368
71369
71370
71371
71378
71379
71380
71389
71390
71391
71392
71393
71394
71395
71403
71404
71405
71406
71407
71409
71415
71416
71417
71418
71419
71420
71437
71439
71440
71441
71442
71444
71454
71455
71456
71457
71459
71460
71461
71467
71469
71497
71498
71510
71511
71576
71591
71599
71620
71635
71685
71699
71707
71713
71801
71811
71812
71813
71814
71815
71816
71817
71818
71825
71827
71828
71829
71830
71832
71833
71835
71841
71842
71844
71846
71850
71851
71852
71853
71859
71860
71861
71862
71863
71864
71865
71897
71898
71899
71900
71903
71905
71906
71939
71940
71941
71942
71943
71944
71945
71952
71953
71954
71955
71957
71958
71964
71971
71973
71974
71985
71986
71987
71988
71989
71990
71997
71999
72000
72001
72002
72003
72019
72020
72021
72022
72036
72037
72038
72039
72041
72042
72043
72050
72051
72052
72053
72056
72058
72059
72060
72069
72070
72082
72085
72086
72087
72088
72089
72090
72091
72097
72098
72099
72100
72101
72102
72103
72112
72113
72120
72121
72122
72123
72124
72127
72133
72134
72135
72136
72137
72138
72139
72140
72141
72145
72146
72148
72149
72151
72152
72153
72154
72164
72165
72166
72167
72168
72169
72170
72171
72172
72179
72180
72181
72199
72200
72206
72207
72208
72209
72210
72212
72218
72220
72221
72222
72223
72224
72225
72227
72228
72235
72236
72237
72238
72239
72240
72272
72273
72274
72277
72278
72279
72280
72281
72282
72284
72285
72286
72292
72299
72300
72301
72302
72303
72310
72311
72313
72314
72316
72368
72369
72370
72371
72372
72373
72374
72375
72383
72384
72386
72387
72388
72389
72390
72391
72392
72399
72400
72401
72408
72409
72410
72411
72418
72419
72420
72421
72422
72423
72425
72426
72427
72434
72435
72438
72439
72440
72441
72442
72443
72444
72445
72446
72461
72462
72463
72464
72465
72466
72467
72473
72478
72479
72480
72487
72488
72490
72491
72492
72493
72494
72495
72496
72497
72504
72505
72506
72507
72508
72509
72510
72512
72522
72524
72525
72526
72528
72529
72532
72533
72534
72535
72546
72547
72548
72550
72551
72552
72553
72567
72569
72570
72571
72573
72574
72575
72576
72577
72578
72580
72581
72582
72589
72590
72591
72592
72593
72601
72602
72603
72604
72605
72606
72607
72621
72622
72623
72624
72625
72626
72627
72628
72629
72630
72637
72638
72639
72640
72641
72642
72643
72644
72653
72655
72664
72665
72669
72677
72678
72692
72696
72697
72698
72699
72709
72710
72712
72713
72714
72721
72722
72723
72725
72726
72764
72769
72770
72772
72823
72824
72829
72831
72835
72838
72839
72840
72855
72861
72862
72863
72864
72865
72866
72867
72868
72869
72870
72878
72884
72885
72888
72889
72894
72907
72908
72909
72910
72911
72912
72913
72919
72921
72922
72923
72924
72926
72927
72934
72935
72936
72937
72938
72939
72942
72948
72949
72952
72953
72954
72955
72961
72964
72965
72967
72969
72972
72973
72974
72975
72976
72977
72978
72979
72985
72986
72988
72989
72991
72993
72995
73001
73002
73003
73004
73005
73038
73040
73041
73042
73054
73055
73056
73057
73058
73059
73060
73816
73817
73818
73820
73821
73822
73823
73824
73825
73831
73834
73840
73841
73847
73848
73849
73850
73851
73852
73853
73856
73892
73893
73895
73897
73898
73900
73906
73907
73908
73909
73910
73912
73913
73923
73924
73925
73926
73927
73928
73935
73937
73938
73939
73942
73943
73954
73955
73957
73958
73959
73961
73962
73963
73965
73968
73978
73979
73980
73981
73982
73983
73984
73985
73994
74001
74036
74037
74038
74041
74050
74051
74052
74053
74059
74060
74061
74062
74063
74064
74065
74066
74068
74069
74072
74073
74074
74078
74085
74086
74088
74101
74102
74103
74104
74111
74112
74113
74114
74115
74116
74118
74124
74125
74126
74127
74128
74131
74134
74150
74151
74155
74156
74157
74188
74191
74192
74193
74196
74205
74206
74207
74209
74228
74230
74231
74233
74234
74242
74243
74246
74247
74248
74249
74276
74279
74280
74281
74282
74283
74284
74285
74286
74293
74294
74295
74296
74297
74304
74305
74306
74308
74311
74330
74331
74332
74333
74335
74336
74337
74338
74347
74348
74349
74350
74351
74352
74353
74354
74355
74359
74360
74361
74363
74364
74365
74366
74372
74373
74376
74377
74378
74384
74385
74386
74388
74389
74390
74393
74394
74395
74396
74397
74398
74399
74410
74411
74412
74413
74414
74415
74416
74417
74432
74436
74437
74438
74439
74440
74441
74442
74443
74444
74446
74448
74449
74450
74451
74468
74469
74470
74471
74472
74474
74482
74484
74485
74489
74490
74491
74492
74493
74494
74502
74503
74505
74506
74507
74509
74510
74516
74517
74522
74523
74530
74531
74534
74536
74538
74539
74541
74547
74548
74550
74551
74553
74554
74555
74565
74567
74568
74569
74572
75141
75142
75143
75144
75159
75163
75164
75165
75166
75168
75170
75183
75184
75185
75186
75188
75189
75218
75219
75220
75221
75223
75224
75225
75238
75239
75241
75242
75243
75244
75245
75246
75247
75254
75255
75256
75268
75299
75300
75302
75303
75315
75316
75321
75335
75342
75358
75359
75360
75361
75363
75364
75365
75376
75377
75378
75379
75380
75381
75391
75392
75393
75395
75396
75405
75406
75407
75408
75409
75421
75422
75426
75427
75428
75429
75430
75431
75433
75440
75442
75443
75445
75449
75450
75451
75458
75459
75460
75462
75464
75470
75476
75478
75479
75480
75481
75490
75491
75493
75494
75495
75496
75497
75505
75506
75507
75508
75509
75510
75511
75518
75520
75521
75522
75524
75525
75526
75532
75533
75534
75535
75536
75537
75538
75548
75549
75551
75552
75577
75579
75580
75581
75606
75607
75608
75626
75627
75640
75643
75644
75645
75689
75690
75691
75692
75693
75694
75695
75703
75706
75707
75708
75714
75717
75718
75719
75725
75727
75728
75730
75741
75742
75757
75759
75767
75768
75769
75771
75773
75774
75775
75788
75809
75810
75812
75813
75822
75839
75840
75841
75864
75865
75866
75867
75868
75869
75880
75881
75883
75884
75885
75886
75888
75902
75905
75907
75909
75910
75911
75912
75913
75914
75915
76001
76002
76003
76004
76005
76007
76008
76015
76018
76019
76020
76021
76022
76024
76040
76044
76046
76047
76048
76054
76055
76057
76073
76074
76081
76083
76086
76093
76096
76098
76099
76101
76107
76108
76109
76110
76111
76117
76123
76124
76125
76126
76127
76129
76130
76137
76138
76139
76141
76143
76144
76150
76154
76195
76197
76199
76200
76201
76205
76212
76213
76215
76217
76219
76226
76228
76243
76244
76247
76250
76253
76254
76256
76267
76268
76269
76271
76280
76281
76282
76285
76286
76290
76295
76296
76305
76306
76307
76309
76313
76316
76317
76325
76332
76342
76347
76416
76417
76452
76459
76466
76470
76472
76473
76474
76475
76477
76486
76487
76488
76489
76497
76504
76510
76512
76522
76523
76527
76530
76531
76532
76533
76541
76542
76544
76545
76556
76557
76558
76559
76560
76561
76570
76571
76577
76579
76581
76583
76599
76609
76610
76612
76613
76616
76618
76628
76631
76632
76642
76648
76660
76664
76668
76675
76683
76684
76692
76695
76697
76700
76701
76737
76738
76740
76741
76747
76762
76763
76774
76777
76781
76782
76786
76792
76795
76796
76802
76817
76823
76825
76826
76837
76838
76839
76840
76841
76857
76870
76871
76893
76894
76895
76896
76897
76905
76906
76913
76915
76918
76919
76947
76952
76953
76960
76962
76963
76975
76977
76979
76980
76981
76982
76998
76999
77002
77004
77005
77007
77010
77012
77019
77022
77025
77027
77028
77045
77047
77048
77049
77062
77063
77064
77067
77070
77079
77083
77084
77085
77086
77087
77088
77098
77099
77101
77103
77140
77145
77146
77160
77161
77165
77168
77176
77180
77181
77182
77183
77184
77185
77318
77321
77322
77324
77325
77326
77327
77338
77344
77362
77363
77364
77366
77367
77368
77369
77370
77380
77384
77385
77388
77390
77400
77401
77402
77403
77406
77407
77417
77419
77421
77426
77427
77428
77434
77437
77439
77443
77444
77457
77458
77461
77462
77463
77464
77466
77472
77473
77474
77475
77484
77485
77486
77487
77488
77492
77513
77514
77515
77516
77517
77521
77523
77524
77530
77531
77553
77554
77555
77563
77564
77565
77566
77568
77569
77570
77571
77576
77577
77578
77581
77582
77584
77585
77586
77593
77594
77600
77601
77602
77603
77604
77605
77606
77613
77614
77615
77616
77617
77619
77620
77621
77629
77633
77658
77661
77662
77680
77683
77688
77690
77691
77697
77698
77700
77702
77704
77706
77752
77753
77755
77756
77758
77760
77766
77767
77778
77779
77782
77783
77784
77786
77795
77796
77798
77813
77814
77818
77824
77832
77850
77851
77856
77862
77866
77872
77874
77881
77886
77887
77889
77900
77901
77902
77903
77905
77906
77909
77910
77918
77919
77921
77922
77923
77924
77931
77934
77935
77936
77939
77942
77947
77949
77951
77953
77954
77957
77958
77964
77966
77967
77968
77996
78004
78006
78007
78017
78019
78020
78029
78033
78035
78044
78049
78050
78051
78053
78056
78064
78066
78068
78072
78073
78080
78082
78084
78088
78089
78201
78206
78207
78209
78211
78217
78220
78221
78222
78223
78225
78227
78228
78229
78238
78239
78240
78247
78249
78250
78251
78252
78253
78254
78260
78261
78262
78263
78264
78265
78266
78267
78268
78280
78281
78282
78285
78287
78288
78289
78290
78293
78294
78295
78297
78305
78306
78307
78308
78309
78310
78316
78318
78319
78320
78322
78323
78326
78327
78328
78329
78342
78346
78347
78348
78349
78358
78359
78360
78361
78363
78364
78365
78374
78375
78376
78377
78378
78380
78386
78387
78397
78398
78400
78403
78404
78405
78406
78407
78408
78425
78427
78428
78437
78438
78439
78442
78443
78444
78445
78446
78447
78448
78462
78463
78464
78465
78466
78467
78470
78471
78472
78479
78480
78481
78485
78486
78487
78488
78489
78490
78491
78492
78502
78503
78504
78505
78507
78508
78509
78520
78522
78523
78527
78535
78536
78537
78543
78544
78547
78553
78555
78556
78558
78559
78568
78572
78580
78584
78585
78586
78587
78595
78596
78597
78602
78603
78604
78613
78616
78617
78638
78646
78647
78648
78649
78658
78659
78660
78662
78681
78683
78686
78689
78697
78698
78700
78703
78708
78709
78710
78711
78724
78727
78728
78729
78731
78732
78733
78735
78736
78737
78739
78740
78746
78747
78748
78749
78750
78751
78752
78754
78758
78776
78777
78778
78780
78783
78784
78802
78803
78805
78806
78813
78814
78818
78819
78820
78834
78836
78838
78839
78840
78841
78842
78843
78845
78856
78858
78860
78863
78864
78865
78867
78868
78879
78880
78881
78882
78883
78884
78885
78886
78894
78895
78896
78897
78899
78900
78901
78903
78914
78915
78916
78917
78918
78920
78921
78923
78924
78940
78941
78942
78944
78950
78951
78952
78953
78954
