66484
66485
66491
66567
66580
66592
66593
66613
66618
66623
66624
66625
66641
66682
66684
66685
66705
66717
66722
66724
66727
66731
66737
66739
66740
66741
66742
66743
66744
66745
66749
67510
67514
67515
67519
67520
67521
67522
67524
67525
67526
67527
67528
67529
67530
67531
67533
67535
67536
67537
67538
67540
67541
67551
67562
67568
67570
67571
67574
67580
67583
67584
67585
67586
67587
67596
67633
67634
67679
67683
67699
67716
67717
67722
67723
67724
67726
67786
67788
67929
67951
67960
67964
68025
68028
68043
68047
68052
68057
68058
68060
68072
68075
68076
68077
68078
68079
68082
68145
68148
68160
68178
68214
68215
68216
68261
68262
68330
68414
68415
68459
68491
68548
68554
68555
68571
68603
68604
68606
68607
68608
68610
68612
68618
68727
68992
69070
69080
69083
69095
69145
69146
69152
69238
69239
69242
69243
69244
69245
69246
69247
69248
69250
69251
69252
69253
69256
69257
69259
69260
69268
69272
69273
69274
69275
69276
69277
69279
69280
69282
69283
69284
69285
69286
69288
69289
69291
69292
69293
69294
69295
69296
69302
69303
69304
69305
69306
69309
69310
69311
69312
69313
69316
69318
69319
69320
69323
69324
69326
69328
69329
69330
69331
69332
69339
69340
69342
69343
69344
69345
69346
69348
69349
69350
69351
69352
69353
69355
69356
69357
69376
69377
69382
69383
69385
69386
69387
69390
69392
69393
69394
69395
69396
69397
69398
69404
69405
69406
69413
69414
69417
69418
69420
69421
69422
69423
69424
69425
69430
69433
69561
69633
69634
69635
69636
69637
69638
69639
69640
69641
69697
69698
69700
69704
69705
69706
69707
69708
69709
69712
69714
69715
69716
69717
69718
69719
69743
69744
69745
69746
69747
69748
69749
69761
69767
69769
69770
69771
69772
69773
69774
69817
69821
71214
71215
71222
71251
71277
71308
71309
71310
71312
71313
71314
71315
71438
71443
71468
71471
71472
71473
71474
71482
71484
71494
71495
71496
71504
71505
71506
71507
71508
71509
71520
71522
71577
71578
71579
71583
71584
71585
71592
71593
71594
71595
71596
71597
71598
71610
71617
71618
71621
71622
71623
71624
71625
71626
71627
71634
71636
71638
71639
71640
71641
71642
71649
71650
71651
71652
71653
71654
71655
71677
71678
71680
71681
71682
71683
71684
71691
71693
71694
71695
71696
71697
71698
71705
71706
71709
71710
71712
71719
71720
71721
71722
71723
71725
71726
71727
71728
71735
71736
71737
71738
71739
71740
71741
71742
71743
71744
71745
71746
71751
71754
71758
71760
71762
71764
71770
71771
71775
71776
71777
71778
71796
71797
71798
71916
71917
71918
71919
71920
71921
71972
71975
71976
71977
72023
72024
72025
72026
72027
72028
72029
72030
72147
72241
72271
72309
72312
72404
72406
72476
72588
72654
72691
72693
72694
72703
72715
72724
72773
72774
72775
72776
72794
72796
72797
72830
72890
72891
72892
72895
72950
72951
72966
72968
72990
72994
73006
73007
73035
73036
73043
73052
73061
73833
73839
73857
73894
73899
73911
73921
73936
73941
73953
73964
74011
74039
74040
74070
74071
74079
74083
74084
74117
74146
74149
74204
74208
74232
74244
74277
74307
74310
74374
74375
74387
74400
74401
74409
74445
74447
74467
74488
74504
74518
74519
74524
74537
74540
74552
74564
74570
74571
75162
75222
75240
75279
75362
75373
75390
75394
75403
75432
75444
75461
75469
75477
75484
75492
75504
75519
75523
75546
75554
75578
75641
75642
75646
75655
75657
75658
75659
75660
75662
75663
75664
75671
75688
75704
75705
75715
75716
75726
75758
75770
75772
75776
75785
75786
75787
75808
75811
75842
75844
75845
75870
75876
75882
75887
75889
75903
75904
75916
76006
76009
76016
76017
76023
76041
76042
76045
76049
76058
76061
76062
76063
76064
76071
76075
76076
76079
76080
76082
76094
76097
76113
76114
76115
76128
76140
76142
76151
76152
76153
76194
76196
76202
76206
76214
76216
76218
76220
76227
76231
76232
76234
76235
76236
76246
76248
76257
76291
76292
76293
76294
76308
76312
76315
76326
76327
76331
76333
76334
76344
76345
76346
76348
76414
76418
76435
76451
76469
76476
76485
76490
76492
76505
76507
76508
76509
76511
76526
76528
76529
76543
76546
76554
76555
76562
76576
76580
76582
76584
76596
76597
76598
76600
76611
76614
76626
76627
76629
76630
76633
76641
76645
76646
76649
76650
76651
76654
76661
76662
76665
76666
76667
76669
76679
76680
76681
76682
76736
76739
76743
76746
76757
76758
76759
76760
76761
76775
76778
76779
76780
76784
76785
76797
76798
76799
76800
76801
76821
76822
76824
76842
76856
76866
76868
76869
76892
76912
76914
76916
76917
76934
76935
76936
76937
76938
76939
76940
76948
76949
76950
76951
76961
76966
76967
76974
76978
76984
77000
77001
77003
77006
77011
77020
77023
77024
77026
77038
77039
77041
77046
77059
77065
77068
77069
77080
77082
77102
77143
77144
77156
77164
77166
77167
77169
77177
77179
77193
77195
77197
77198
77199
77200
77201
77202
77203
77212
77213
77214
77218
77221
77223
77224
77225
77227
77228
77230
77238
77239
77241
77242
77243
77244
77245
77259
77260
77261
77264
77265
77266
77320
77323
77339
77340
77342
77343
77372
77382
77383
77386
77389
77404
77422
77424
77425
77435
77436
77438
77455
77465
77476
77481
77494
77497
77498
77499
77500
77501
77502
77503
77522
77542
77549
77550
77551
77556
77592
77595
77618
77634
77636
77638
77639
77642
77659
77660
77663
77664
77684
77699
77701
77705
77754
77759
77762
77763
77764
77780
77781
77797
77810
77815
77831
77834
77835
77854
77863
77864
77865
77867
77868
77873
77882
77883
77884
77885
77907
77908
77920
77932
77933
77937
77938
77950
77952
77955
77965
77972
77973
77974
77980
77981
77989
77990
77991
77992
77994
77995
78014
78015
78016
78018
78030
78032
78034
78036
78048
78054
78055
78057
78067
78069
78071
78074
78083
78085
78086
78087
78202
78203
78210
78218
78219
78224
78226
78248
78279
78292
78317
78324
78337
78339
78340
78343
78345
78362
78379
78389
78390
78391
78395
78418
78419
78420
78421
78423
78510
78521
78524
78525
78526
78538
78545
78567
78571
78575
78576
78579
78583
78615
78643
78645
78682
78734
