66593
66682
66685
66705
66717
66727
66739
66740
66741
66742
66743
66745
66749
67514
67515
67519
67522
67527
67528
67529
67531
67533
67535
67536
67537
67541
67551
67562
67568
67571
67574
67583
67585
67587
67596
67716
67717
67723
67724
67726
68214
68215
68261
68262
68603
68604
68606
68607
68618
69095
69239
69243
69244
69253
69257
69259
69260
69268
69280
69283
69295
69305
69306
69310
69313
69316
69320
69331
69332
69339
69346
69352
69356
69376
69387
69394
69395
69396
69398
69404
69420
69421
69423
69424
71215
71309
71310
71312
71314
71315
71918
71919
71921
72271
72404
72476
72693
72776
72794
72796
72892
72895
74011
75279
75646
75655
75657
75662
75663
75876
76063
76064
76071
76967
77038
77039
77059
77179
77193
77197
77198
77199
77200
77202
77212
77213
77214
77218
77221
77223
77224
77227
77230
77239
77242
77244
77245
77372
77455
77497
77502
77503
77636
77642
77810
77973
77974
78389
78391
78575
78576
