66593
66682
66685
66705
66717
66727
66739
66740
66741
66742
66743
66745
66749
67514
67515
67519
67522
67527
67528
67529
67531
67533
67535
67536
67537
67541
67551
67562
67568
67571
67574
67583
67585
67587
67596
67716
67717
67723
67724
67726
68214
68215
68261
68262
68603
68604
68606
68607
68618
69095
69239
69243
69244
69253
69257
69259
69260
69268
69280
69283
69295
69305
69306
69310
69313
69316
69320
69331
69332
69339
69346
69352
69356
69376
69387
69394
69395
69396
69398
69404
69420
69421
69423
69424
71215
71309
71310
71312
71314
71315
71918
71919
71921
72271
72404
72476
72693
72776
72794
72796
72892
72895
74011
75279
75646
75655
75657
75662
75663
75876
76063
76064
76071
76226
76243
76267
76774
76777
76792
76837
76857
76967
77038
77039
77059
77070
77079
77098
77099
77101
77103
77145
77146
77179
77180
77181
77184
77193
77197
77198
77199
77200
77202
77212
77213
77214
77218
77221
77223
77224
77227
77230
77239
77242
77244
77245
77318
77324
77327
77362
77363
77364
77368
77369
77372
77380
77384
77388
77390
77400
77401
77402
77407
77417
77419
77421
77426
77427
77443
77444
77455
77462
77463
77474
77475
77486
77497
77502
77503
77516
77524
77531
77563
77565
77568
77584
77585
77586
77605
77620
77621
77633
77636
77642
77662
77683
77688
77690
77691
77697
77698
77704
77756
77758
77798
77810
77813
77814
77818
77824
77832
77862
77887
77900
77901
77902
77905
77918
77921
77931
77934
77935
77939
77942
77951
77953
77973
77974
78004
78080
78260
78307
78308
78318
78326
78328
78346
78347
78348
78349
78359
78360
78363
78364
78365
78374
78375
78376
78377
78378
78380
78386
78387
78389
78391
78397
78398
78400
78403
78404
78405
78406
78407
78408
78425
78427
78428
78437
78443
78444
78445
78446
78462
78465
78467
78470
78485
78486
78489
78490
78491
78492
78502
78503
78504
78505
78507
78509
78522
78543
78544
78547
78558
78559
78575
78576
78580
78584
78585
78586
78587
78597
78602
78603
78604
78616
78617
78646
78647
78648
78660
78662
78683
78686
78700
78708
78710
78729
78732
78733
78736
78739
78740
78747
78749
78750
78751
78754
78758
78780
78783
78803
78813
78814
78818
78819
78836
78838
78839
78840
78842
78843
78860
78863
78864
78865
78880
78881
78883
78885
78886
78894
78896
78897
78900
78901
78903
78916
78918
78920
78921
78923
78924
78941
78942
78944
78950
78951
78952
78954
