79151
79152
79153
79154
79155
79211
79214
79215
79216
79219
79220
79221
79222
79223
79224
79225
79226
79227
79229
79243
79257
79262
79267
79268
79269
79270
79271
79272
79279
79283
79292
79293
79311
79312
79313
79316
79336
79338
79339
79340
79341
79342
79345
79363
79373
79393
79394
79395
79396
79397
79398
79399
79406
79408
79409
79412
79413
79414
79415
79416
79417
79418
79426
79427
79428
79433
79439
79440
79441
79442
79445
79455
79458
79463
79470
79471
79473
79475
79477
79478
79479
79480
79481
79482
79487
79488
79489
79490
79493
79494
79495
79498
79506
79507
79508
79510
79511
79512
79513
79514
79515
79516
79522
79523
79524
79525
79526
79527
79528
79529
79530
79564
79565
79566
79567
79568
79569
79570
79571
79572
79594
79595
79596
79597
79598
79599
79600
79601
79615
79617
79619
79627
79629
79630
79652
79653
79654
79655
79656
79657
79658
79659
79660
79687
79697
79699
79705
79706
79707
79708
79709
79710
79711
79712
79726
79728
79729
79731
79732
79733
79735
79736
79737
79738
79749
79807
79808
79813
79819
79820
79821
79822
79823
79824
79825
79826
79827
79828
79829
79852
79853
79854
79855
79856
79857
79858
79859
79866
79867
79871
79873
79877
79878
79879
79880
79881
79895
79897
79899
79900
79901
79902
79903
79904
79906
79908
79909
79910
79915
79917
79919
79920
79926
79927
79928
79933
79934
79935
79937
79938
79939
79940
79941
79942
79943
79978
79981
79982
79983
79984
79988
79990
79991
79992
80008
80009
80010
80011
80013
80014
80015
80016
80123
80125
80126
80127
80128
80129
80132
80134
80135
80136
80149
80150
80151
80152
80156
80157
80158
80159
80160
80161
80176
80177
80179
80180
80181
80183
80184
80187
80188
80202
80203
80204
80207
80208
80209
80210
80211
80222
80224
80225
80226
80227
80228
80231
80232
80233
80234
80241
80244
80245
80249
80251
80254
80255
80258
80259
80265
80267
80268
80269
80270
80271
80272
80273
80276
80277
80278
80279
80280
80281
80286
80287
80288
80289
80290
80292
80293
80294
80295
80296
80311
80312
80313
80314
80315
80316
80317
80318
80319
80320
80343
80345
80349
80352
80354
80359
80361
80364
80368
80369
80370
80379
80380
80383
80386
80388
80389
80390
80395
80396
80404
80408
80409
80411
80412
80413
80414
80417
80418
80420
80435
80443
80444
80450
80451
80454
80455
80456
80457
80458
80470
80471
80472
80473
80474
80475
80476
80482
80483
80484
80486
80488
80489
80490
80491
80492
80494
80495
80500
80502
80509
80510
80511
80512
80513
80514
80515
80516
80517
80518
80519
80520
80521
80522
80535
80536
80537
80541
80542
80544
80545
80546
80547
80548
80549
80563
80564
80565
80569
80570
80572
80573
80574
80576
80578
80589
80591
80592
80593
80594
80595
80596
80597
80598
80599
80600
80609
80610
80611
80614
80615
80616
80619
80626
80627
80628
80629
80631
80633
80634
80635
80636
80637
80638
80645
80650
80651
80652
80653
80654
80656
80657
80658
80659
80660
80662
80670
80671
80673
80674
80677
80680
80681
80682
80697
80704
80706
80707
80709
80710
80711
80712
80720
80721
80722
80723
80724
80725
80726
80728
80731
80734
80735
80751
80753
80766
80767
80768
80769
80770
80771
80772
80773
80774
80775
80783
80784
80790
80792
80795
80796
80797
80798
80799
80800
80804
80805
80806
80808
80809
80810
80812
80813
80820
80821
80822
80823
80824
80825
80826
80833
80834
80835
80836
80837
80838
80839
80840
80858
80859
80861
80863
80864
80865
80866
80867
80878
80879
80880
80881
80891
80892
80893
80895
80901
80902
80904
80905
80906
80908
80909
80910
80911
80912
80914
80915
80922
80923
80924
80925
80926
80927
80928
80929
80930
80932
80945
80946
80947
80948
80950
80952
80953
80956
80964
80965
80966
80967
80968
80969
80970
80973
80980
80981
80983
80991
80992
80993
80994
80995
80996
80997
80998
81000
81001
81014
81019
81020
81021
81023
81024
81025
81026
81027
81028
81041
81047
81048
81049
81051
81052
81053
81054
81055
81075
81076
81077
81079
81080
81081
81082
81089
81097
81098
81099
81100
81102
81103
81104
81105
81120
81121
81122
81123
81124
81125
81126
81127
81128
81129
81130
81131
81132
81146
81152
81153
81155
81162
81163
81164
81166
81167
81168
81169
81170
81171
81172
81178
81179
81180
81188
81189
81191
81192
81195
81207
81208
81209
81210
81211
81212
81213
81214
81241
81242
81244
81248
81249
81251
81252
81253
81266
81267
81268
81269
81270
81271
81272
81274
81282
81283
81284
81286
81287
81288
81289
81290
81291
81292
81299
81306
81307
81308
81309
81314
81315
81322
81323
81334
81335
81336
81343
81344
81346
81349
81350
81351
81359
81361
81373
81389
81390
81391
81392
81394
81396
81397
81407
81409
81410
81411
81412
81413
81414
81415
81416
81417
81423
81424
81425
81427
81428
81429
81430
81431
81441
81442
81443
81444
81445
81446
81447
81448
81460
81461
81463
81464
81465
81473
81476
81477
81478
81479
81480
81481
81482
81483
81485
81491
81492
81493
81494
81495
81496
81498
81499
81507
81508
81515
81516
81517
81518
81519
81520
81521
81522
81529
81537
81538
81539
81540
81542
81545
81546
81556
81558
81559
81561
81563
81564
81565
81566
81575
81577
81580
81581
81583
81584
81585
81586
81600
81601
81602
81603
81605
81607
81609
81610
81611
81618
81624
81626
81627
81628
81629
81632
81633
81634
81635
81637
81638
81655
81656
81657
81658
81660
81663
81664
81667
81668
