47373 0
47373 1
47373 2
47373 3
47373 4
47373 5
47373 6
47373 7
47373 8
47373 9
47373 10
47373 11
47373 12
47373 13
47373 14
47373 15
47373 16
47373 17
47373 18
47373 19
47373 20
47373 21
47373 22
47373 23
47373 24
47373 25
47373 26
47558 0
47558 1
47558 2
47558 3
47558 4
47558 5
47558 6
47558 7
47558 8
47558 9
47558 10
47558 11
47558 12
47558 13
47558 14
47558 15
47558 16
47558 17
47558 18
47558 19
47558 20
47558 21
47558 22
47558 23
47558 24
47558 25
47558 26
47558 27
47558 28
47558 29
47558 30
47558 31
47558 32
47558 33
47558 34
47558 35
48003 0
48003 1
48003 2
48003 3
48003 4
48003 5
48003 6
48003 7
48003 8
48003 9
48003 10
48003 11
48003 12
48003 13
48003 14
48003 15
48003 16
48003 17
48003 18
48003 19
48003 20
48003 21
48003 22
48003 23
48003 24
48003 25
48003 26
48003 27
48003 28
48003 29
48003 30
48003 31
48003 32
48003 33
48003 34
48003 35
48003 36
48003 37
48003 38
48003 39
48003 40
48003 41
48003 42
48003 43
48003 44
48003 45
48003 46
48003 47
48003 48
48003 49
48003 50
48003 51
48003 52
48029 0
48029 1
48029 2
48029 3
48029 4
48029 5
48029 6
48029 7
48029 8
48029 9
48029 10
48029 11
48029 12
48029 13
48029 14
48029 15
48029 16
48029 17
48029 18
48029 19
48029 20
48029 21
48029 22
48029 23
48029 24
48029 25
48029 26
48029 27
48029 28
48029 29
48029 30
48029 31
48029 32
48029 33
48029 34
48029 35
48029 36
48029 37
48029 38
48029 39
48029 40
48029 41
48029 42
48029 43
48029 44
48029 45
48029 46
48029 47
48029 48
48029 49
48029 50
48029 51
48029 52
48029 53
48029 54
48029 55
48029 56
48029 57
48029 58
48029 59
48029 60
48029 61
48029 62
48029 63
48029 64
48029 65
48029 66
48029 67
48029 68
48029 69
48029 70
48029 71
48029 72
48029 73
48029 74
48029 75
48029 76
48029 77
48029 78
48029 79
48029 80
48029 81
48029 82
48029 83
48029 84
48029 85
48029 86
48029 87
48029 88
48029 89
48029 90
48029 91
48029 92
48029 93
48029 94
48029 95
48029 96
48029 97
48029 98
48029 99
48029 100
48029 101
48029 102
48029 103
48029 104
48029 105
48029 106
48029 107
48029 108
48029 109
48029 110
48029 111
48029 112
48029 113
48029 114
48029 115
48029 116
48029 117
48029 118
48029 119
48029 120
48029 121
48029 122
48029 123
48029 124
48029 125
48029 126
48029 127
48029 128
48029 129
48029 130
48029 131
48029 132
48029 133
48029 134
48029 135
48029 136
48029 137
48029 138
48029 139
48029 140
48029 141
48029 142
48029 143
48029 144
48029 145
48029 146
48029 147
48029 148
48029 149
48029 150
48029 151
48029 152
48029 153
48029 154
48029 155
48029 156
48029 157
48029 158
48029 159
48029 160
48029 161
48029 162
48029 163
48029 164
48029 165
48029 166
48029 167
48029 168
48029 169
48029 170
48029 171
48029 172
48029 173
48029 174
48029 175
48029 176
48029 177
48029 178
48029 179
48029 180
48029 181
48029 182
48029 183
48029 184
48029 185
48029 186
48029 187
48029 188
48029 189
48029 190
48029 191
48029 192
48029 193
48029 194
48029 195
48029 196
48029 197
48029 198
48029 199
48029 200
48029 201
48029 202
48029 203
48029 204
48029 205
48029 206
48029 207
48029 208
48029 209
48029 210
48029 211
48029 212
48029 213
48029 214
48029 215
48029 216
48029 217
48029 218
48029 219
48029 220
48029 221
48029 222
48029 223
48029 224
48029 225
48029 226
48232 0
48232 1
48232 2
48232 3
48232 4
48232 5
48232 6
48232 7
48232 8
48232 9
48232 10
48232 11
48232 12
48232 13
48232 14
48232 15
48232 16
48232 17
48232 18
48232 19
48232 20
48232 21
48232 22
48232 23
48232 24
48232 25
48232 26
48232 27
48232 28
48232 29
48232 30
48232 31
48232 32
48232 33
48232 34
48232 35
48232 36
48232 37
48232 38
48232 39
48232 40
48232 41
48232 42
48232 43
48232 44
48232 45
48232 46
48232 47
48232 48
48232 49
48232 50
48232 51
48232 52
48232 53
48232 54
48232 55
48232 56
48232 57
48232 58
48232 59
48232 60
48232 61
48232 62
48232 63
48232 64
48232 65
48232 66
48232 67
48232 68
48232 69
48232 70
48232 71
48232 72
48232 73
48232 74
48232 75
48232 76
48232 77
48232 78
48232 79
48232 80
48232 81
48232 82
48232 83
48232 84
48232 85
48232 86
48232 87
48232 88
48232 89
48232 90
48232 91
48232 92
48232 93
48232 94
48232 95
48232 96
48232 97
48232 98
48232 99
48232 100
48232 101
48232 102
48232 103
48232 104
48232 105
48232 106
48232 107
48232 108
48232 109
48232 110
48232 111
48232 112
48232 113
48232 114
48232 115
48232 116
48232 117
48232 118
48232 119
48232 120
48232 121
48232 122
48232 123
48232 124
48232 125
48232 126
48232 127
48232 128
48232 129
48232 130
48232 131
48232 132
48232 133
48232 134
48232 135
48232 136
48232 137
48232 138
48232 139
48232 140
48232 141
48232 142
48232 143
48232 144
48232 145
48232 146
48232 147
48232 148
48232 149
48232 150
48232 151
48232 152
48232 153
48232 154
48232 155
48232 156
48232 157
48232 158
48232 159
48232 160
48330 0
48330 1
48330 2
48330 3
48330 4
48330 5
48330 6
48330 7
48330 8
48330 9
48330 10
48330 11
48330 12
48330 13
48330 14
48330 15
48330 16
48330 17
48330 18
48330 19
48330 20
48330 21
48330 22
48330 23
48330 24
48330 25
48330 26
48330 27
48330 28
48330 29
48330 30
48330 31
48330 32
48330 33
48330 34
48330 35
48330 36
48330 37
48330 38
48330 39
48330 40
48330 41
48330 42
48330 43
48330 44
48330 45
48330 46
48330 47
48330 48
48330 49
48330 50
48330 51
48330 52
48330 53
48330 54
48330 55
48535 0
48535 1
48535 2
48535 3
48535 4
48535 5
48535 6
48535 7
48535 8
48535 9
48535 10
48535 11
48535 12
48535 13
48535 14
48535 15
48535 16
48535 17
48535 18
48535 19
48535 20
48535 21
48535 22
48535 23
48535 24
48535 25
48889 0
48889 1
48889 2
48889 3
48889 4
48889 5
48889 6
48889 7
48889 8
48889 9
48889 10
48889 11
48889 12
48889 13
48889 14
48889 15
48889 16
48889 17
48889 18
48889 19
48889 20
48889 21
48889 22
48889 23
48889 24
48889 25
48889 26
48889 27
48889 28
48889 29
48889 30
48889 31
48889 32
48889 33
48889 34
48889 35
48889 36
48889 37
48889 38
48889 39
48889 40
48889 41
48889 42
48889 43
48889 44
48889 45
48889 46
48889 47
48889 48
48889 49
48889 50
48889 51
48889 52
48889 53
48889 54
48889 55
48889 56
48889 57
48889 58
48889 59
48889 60
48889 61
48889 62
48889 63
48889 64
48889 65
48889 66
48889 67
48889 68
48889 69
48889 70
48889 71
48889 72
48889 73
48889 74
48889 75
48889 76
48889 77
48889 78
48889 79
48889 80
48889 81
48889 82
48889 83
48889 84
48889 85
48889 86
48889 87
48889 88
48889 89
48889 90
48889 91
48889 92
48889 93
48889 94
48889 95
48889 96
48889 97
48889 98
48889 99
48889 100
48889 101
48889 102
48889 103
48889 104
48889 105
48889 106
48889 107
48889 108
48889 109
48889 110
48889 111
48889 112
48889 113
48889 114
48889 115
48889 116
48889 117
48889 118
48889 119
48889 120
48889 121
48889 122
51192 0
51192 1
51192 2
51192 3
51192 4
51192 5
51192 6
51192 7
51192 8
51192 9
51192 10
51192 11
51192 12
51192 13
51192 14
51192 15
51192 16
51192 17
51192 18
51192 19
51192 20
51192 21
51192 22
51192 23
51192 24
51192 25
51192 26
51192 27
51192 28
51192 29
51192 30
51192 31
51192 32
51192 33
51192 34
51192 35
51192 36
51192 37
51192 38
51192 39
51192 40
51192 41
51192 42
51192 43
51193 0
51193 1
51193 2
51193 3
51193 4
51193 5
51193 6
51193 7
51193 8
51193 9
51193 10
51193 11
51193 12
51193 13
51193 14
51193 15
51193 16
51193 17
51193 18
51193 19
51193 20
51193 21
51193 22
51193 23
51193 24
51193 25
51193 26
51193 27
51193 28
51193 29
51193 30
51193 31
51193 32
51193 33
51193 34
51193 35
51193 36
51193 37
51193 38
51193 39
51193 40
51193 41
51193 42
51193 43
51193 44
51193 45
51193 46
51193 47
51193 48
51193 49
51193 50
51193 51
51193 52
51193 53
51193 54
51193 55
51193 56
51195 0
51195 1
51195 2
51195 3
51195 4
51195 5
51195 6
51195 7
51195 8
51195 9
51195 10
51195 11
51195 12
51195 13
51195 14
51195 15
51195 16
51195 17
51195 18
51195 19
51195 20
51195 21
51195 22
51195 23
51195 24
51195 25
51195 26
51195 27
51195 28
51195 29
51195 30
51195 31
51195 32
51195 33
51195 34
51195 35
51195 36
51195 37
51195 38
51195 39
51195 40
51195 41
51195 42
51195 43
51195 44
51195 45
51195 46
51195 47
51195 48
51195 49
51195 50
51195 51
51195 52
51195 53
51195 54
51195 55
51195 56
51195 57
51195 58
51195 59
51195 60
51195 61
51195 62
51195 63
51195 64
51195 65
51195 66
51195 67
51195 68
51195 69
51195 70
51195 71
51195 72
51195 73
51195 74
51195 75
51195 76
51195 77
51195 78
51195 79
51195 80
51195 81
51195 82
51195 83
51195 84
51195 85
51195 86
51195 87
51195 88
51195 89
51195 90
51195 91
51195 92
51195 93
51195 94
51195 95
51195 96
51195 97
51195 98
51195 99
51195 100
51195 101
51195 102
51195 103
51195 104
51195 105
51195 106
51195 107
51195 108
51195 109
51195 110
51195 111
51195 112
51195 113
51195 114
51195 115
51195 116
51195 117
51195 118
51195 119
51195 120
51195 121
51195 122
51195 123
51195 124
51195 125
51195 126
51195 127
51195 128
51195 129
51195 130
51195 131
51195 132
51195 133
51195 134
51195 135
51195 136
51195 137
51195 138
51195 139
51195 140
51195 141
51195 142
51195 143
51195 144
51195 145
51195 146
51195 147
51195 148
51195 149
51195 150
51195 151
51195 152
51195 153
51195 154
51195 155
51195 156
51195 157
51195 158
51195 159
51195 160
51195 161
51195 162
51195 163
51687 0
51687 1
51687 2
51687 3
51687 4
51687 5
51687 6
51687 7
51687 8
51687 9
51687 10
51687 11
51687 12
51687 13
51687 14
51687 15
51687 16
51687 17
51688 0
51688 1
51688 2
51688 3
51688 4
51688 5
51688 6
51688 7
51688 8
51688 9
51688 10
51688 11
51688 12
51688 13
51688 14
51688 15
51688 16
51688 17
51688 18
51688 19
51688 20
51688 21
51688 22
51688 23
51688 24
51688 25
51688 26
51688 27
51688 28
51688 29
51688 30
51688 31
51688 32
51688 33
51688 34
51688 35
51688 36
51688 37
51688 38
51688 39
51688 40
51688 41
51688 42
51688 43
51688 44
51688 45
51688 46
51688 47
51688 48
51688 49
51688 50
51688 51
51688 52
51688 53
51688 54
51688 55
51688 56
51688 57
51688 58
51688 59
51688 60
51688 61
51688 62
51688 63
51688 64
51688 65
51688 66
51688 67
51688 68
51688 69
51688 70
51688 71
51688 72
51688 73
51688 74
51688 75
51688 76
51688 77
51688 78
51688 79
51688 80
51695 0
51695 1
51695 2
51695 3
51695 4
51695 5
51695 6
51695 7
51695 8
51695 9
51695 10
51695 11
51695 12
51697 0
51697 1
51697 2
51697 3
51697 4
51697 5
51699 0
51699 1
51699 2
51699 3
51699 4
51699 5
51699 6
51699 7
51700 0
51700 1
51700 2
51700 3
51700 4
51700 5
51700 6
51701 0
51701 1
51701 2
51701 3
51701 4
51701 5
51701 6
51701 7
51701 8
51701 9
51701 10
51701 11
51701 12
51701 13
51701 14
51701 15
51701 16
51701 17
51701 18
51701 19
51701 20
51701 21
51701 22
51701 23
51701 24
51701 25
51701 26
51701 27
51701 28
51701 29
51701 30
51701 31
51701 32
51701 33
51701 34
51701 35
51701 36
51701 37
51701 38
51701 39
51701 40
51701 41
51701 42
51702 0
51702 1
51702 2
51702 3
51702 4
51702 5
51702 6
51702 7
51702 8
51702 9
51702 10
51702 11
51704 0
51704 1
51704 2
51704 3
51704 4
51704 5
51704 6
51704 7
51704 8
51704 9
51704 10
51704 11
51704 12
51704 13
51704 14
51704 15
51705 0
51705 1
51705 2
51705 3
51705 4
51705 5
51705 6
51705 7
51705 8
51705 9
51705 10
51705 11
51707 0
51707 1
51707 2
51707 3
51707 4
51707 5
51707 6
51707 7
51707 8
51707 9
51707 10
51707 11
51707 12
51707 13
51707 14
51828 0
51828 1
51828 2
51828 3
51828 4
51828 5
51828 6
51828 7
51828 8
51828 9
51828 10
51828 11
51828 12
51828 13
51828 14
51828 15
51828 16
51828 17
51828 18
51828 19
51828 20
51828 21
51828 22
51828 23
51828 24
51828 25
51828 26
51828 27
51828 28
51828 29
51828 30
51828 31
51828 32
51828 33
51828 34
51828 35
51828 36
51828 37
51828 38
51828 39
51828 40
51828 41
51828 42
51828 43
51828 44
51828 45
51828 46
51828 47
51828 48
51828 49
51828 50
51828 51
51828 52
51828 53
51828 54
51828 55
51828 56
51828 57
51828 58
51828 59
51828 60
51828 61
51828 62
51828 63
51828 64
51828 65
51828 66
51828 67
51828 68
51828 69
51828 70
51828 71
51828 72
51828 73
51828 74
51828 75
51828 76
51828 77
51828 78
51828 79
51828 80
51828 81
51828 82
51828 83
51828 84
51828 85
51828 86
51828 87
51828 88
51828 89
51828 90
51828 91
51828 92
51828 93
51828 94
51828 95
51828 96
51828 97
51828 98
51828 99
51828 100
51828 101
51828 102
51828 103
51828 104
51828 105
51828 106
51828 107
51828 108
51828 109
51828 110
51828 111
51828 112
51828 113
51828 114
51828 115
51828 116
51828 117
51828 118
51828 119
51828 120
51828 121
51828 122
51828 123
51828 124
51828 125
51828 126
51828 127
51828 128
51828 129
51828 130
51828 131
51828 132
51828 133
51828 134
51828 135
51828 136
51828 137
51828 138
51828 139
51828 140
51828 141
51828 142
51828 143
51828 144
51828 145
51828 146
51828 147
51828 148
51828 149
51828 150
51828 151
51828 152
51828 153
51828 154
51828 155
51828 156
51828 157
51828 158
51828 159
51828 160
51828 161
51828 162
51828 163
51828 164
51828 165
51828 166
51828 167
51828 168
51828 169
51828 170
51828 171
51828 172
51828 173
51828 174
51828 175
51828 176
51828 177
51828 178
51828 179
51828 180
51828 181
51828 182
51828 183
51828 184
51828 185
51828 186
51828 187
51828 188
51828 189
51828 190
51828 191
51828 192
51828 193
51828 194
51828 195
51828 196
51828 197
51828 198
51828 199
51828 200
51828 201
51829 0
51829 1
51829 2
51829 3
51829 4
51829 5
51829 6
51829 7
51829 8
51829 9
51829 10
51829 11
51829 12
51829 13
51829 14
51829 15
51829 16
51829 17
51829 18
51829 19
51829 20
51829 21
51829 22
51829 23
51829 24
51829 25
51829 26
51829 27
51829 28
51829 29
51829 30
51829 31
51829 32
51829 33
51829 34
51829 35
51829 36
51829 37
51829 38
51829 39
51829 40
51829 41
51829 42
51829 43
51829 44
51829 45
51829 46
51829 47
51829 48
51829 49
51829 50
51829 51
51829 52
51829 53
51829 54
51829 55
51829 56
51829 57
51829 58
51829 59
51829 60
51829 61
51829 62
51829 63
51829 64
51829 65
51829 66
51829 67
51829 68
51829 69
51829 70
51829 71
51829 72
51829 73
51829 74
51829 75
51829 76
51829 77
51829 78
51829 79
51829 80
51829 81
51829 82
51829 83
51829 84
51829 85
51829 86
51829 87
51829 88
51829 89
51829 90
51829 91
51829 92
51829 93
51829 94
51829 95
51829 96
51829 97
51829 98
51829 99
51829 100
51829 101
51829 102
51829 103
51829 104
51829 105
51829 106
51829 107
51829 108
51829 109
51829 110
51829 111
51829 112
51829 113
51829 114
51829 115
51829 116
51829 117
51829 118
51829 119
51829 120
51829 121
51829 122
51829 123
51829 124
51829 125
51829 126
51829 127
51829 128
51829 129
51829 130
51829 131
51829 132
51829 133
51829 134
51829 135
51829 136
51829 137
51829 138
51829 139
51829 140
51829 141
51829 142
51829 143
51829 144
51829 145
51829 146
51829 147
51829 148
51829 149
51829 150
51829 151
51829 152
51829 153
51829 154
51829 155
51829 156
51829 157
51829 158
51829 159
51829 160
51829 161
51829 162
51829 163
51829 164
51829 165
51829 166
51829 167
51829 168
51829 169
51829 170
51829 171
51829 172
51829 173
51829 174
51829 175
51829 176
51829 177
51829 178
51829 179
51829 180
51829 181
51829 182
51829 183
51829 184
51829 185
51829 186
51829 187
51829 188
51829 189
51829 190
51829 191
51829 192
51829 193
51829 194
51829 195
51829 196
51829 197
51829 198
51829 199
51829 200
51829 201
51829 202
51829 203
51829 204
51829 205
51829 206
51829 207
51829 208
51829 209
51829 210
51829 211
51829 212
51829 213
51829 214
51829 215
51829 216
51829 217
51829 218
51829 219
51829 220
51829 221
51831 0
51831 1
51831 2
51831 3
51831 4
51831 5
51831 6
51831 7
51831 8
51831 9
51831 10
51831 11
51831 12
51831 13
51831 14
51831 15
51831 16
51831 17
51831 18
51831 19
51831 20
51831 21
51831 22
51831 23
51831 24
51831 25
51831 26
51831 27
51831 28
51831 29
51831 30
51831 31
51831 32
51831 33
51831 34
51831 35
51831 36
51831 37
51831 38
51831 39
51831 40
51831 41
51831 42
51831 43
51831 44
51831 45
51831 46
51831 47
51831 48
51831 49
51831 50
51831 51
51831 52
51831 53
51831 54
51831 55
51831 56
51831 57
51831 58
51831 59
51831 60
51831 61
51831 62
51831 63
51831 64
51831 65
51831 66
51831 67
51831 68
51831 69
51831 70
51831 71
51831 72
51831 73
51831 74
51831 75
51831 76
51831 77
51831 78
51831 79
51831 80
51831 81
51831 82
51831 83
51831 84
51831 85
51831 86
51831 87
51831 88
51831 89
51831 90
51831 91
51831 92
51831 93
51831 94
51831 95
51831 96
51831 97
51831 98
51831 99
51831 100
51831 101
51831 102
51831 103
51831 104
51831 105
51831 106
51831 107
51831 108
51831 109
51831 110
51831 111
51831 112
51831 113
51831 114
51831 115
51831 116
51831 117
51831 118
51831 119
51831 120
51831 121
51831 122
51831 123
51831 124
51831 125
51831 126
51831 127
51831 128
51831 129
51831 130
51831 131
51831 132
51831 133
51831 134
51831 135
51831 136
51831 137
51831 138
51831 139
51831 140
51840 0
51840 1
51840 2
51840 3
51840 4
51840 5
51840 6
51840 7
51840 8
51840 9
51840 10
51840 11
51840 12
51840 13
51840 14
51840 15
51840 16
51840 17
51840 18
51840 19
51840 20
51840 21
51840 22
51840 23
51840 24
51840 25
51840 26
51840 27
51840 28
51947 0
51947 1
51947 2
51947 3
51947 4
51947 5
51947 6
51947 7
51947 8
51947 9
51947 10
51947 11
51947 12
51947 13
51947 14
51947 15
51947 16
51947 17
51947 18
51947 19
51947 20
51947 21
51947 22
51947 23
51947 24
51947 25
51947 26
51947 27
51947 28
51947 29
51947 30
51947 31
51947 32
51947 33
51947 34
51947 35
51947 36
51947 37
51947 38
51947 39
51947 40
51947 41
51947 42
51947 43
51947 44
51947 45
51947 46
51947 47
51947 48
51947 49
51947 50
51947 51
53083 0
53083 1
53083 2
53083 3
53083 4
53083 5
53083 6
53083 7
53083 8
53083 9
53083 10
53083 11
53083 12
53083 13
53083 14
53083 15
53083 16
53083 17
53083 18
53083 19
53083 20
53083 21
53083 22
53083 23
53083 24
53083 25
53083 26
53083 27
53083 28
53083 29
53083 30
53083 31
53083 32
53083 33
53083 34
53083 35
53083 36
53083 37
53083 38
53083 39
53083 40
53083 41
53083 42
53083 43
53083 44
53083 45
53083 46
53083 47
53083 48
53083 49
53083 50
53083 51
53083 52
53083 53
53083 54
53083 55
53083 56
53083 57
53083 58
53083 59
53083 60
53083 61
53083 62
53083 63
53083 64
53083 65
53083 66
53083 67
53083 68
53083 69
53083 70
53083 71
53083 72
53083 73
53083 74
53083 75
53083 76
53083 77
53083 78
53083 79
53083 80
53083 81
53083 82
53083 83
53083 84
53083 85
53083 86
53083 87
53083 88
53083 89
53083 90
53083 91
53083 92
53083 93
53083 94
53083 95
53083 96
53083 97
53083 98
53083 99
53083 100
53083 101
53083 102
53083 103
53083 104
53083 105
53083 106
53083 107
53083 108
53083 109
53083 110
53083 111
53083 112
53083 113
53083 114
53083 115
53083 116
53083 117
53083 118
53083 119
53083 120
53083 121
53083 122
53083 123
53083 124
53083 125
53083 126
53083 127
53083 128
53083 129
53083 130
53083 131
53083 132
53083 133
53083 134
53083 135
53083 136
53083 137
53083 138
53083 139
53083 140
53083 141
53083 142
53083 143
53083 144
53083 145
53083 146
53083 147
53083 148
53083 149
53083 150
53083 151
53083 152
53083 153
53083 154
53083 155
53083 156
53083 157
53083 158
53083 159
53083 160
53083 161
53083 162
53083 163
53083 164
53083 165
53083 166
53083 167
53083 168
53083 169
53083 170
53083 171
53083 172
53083 173
53083 174
53083 175
53083 176
53083 177
53083 178
53083 179
53083 180
53083 181
53083 182
53584 0
53584 1
53584 2
53584 3
53584 4
53584 5
53584 6
53584 7
53584 8
53584 9
53584 10
53584 11
53584 12
53584 13
53584 14
53584 15
53584 16
53584 17
53584 18
53584 19
53584 20
53584 21
53584 22
53584 23
53584 24
53584 25
53584 26
53584 27
53584 28
53584 29
53584 30
53584 31
53584 32
53584 33
53584 34
53584 35
53584 36
53584 37
53584 38
53584 39
53584 40
53584 41
53584 42
53584 43
53584 44
53584 45
53584 46
53584 47
53584 48
53584 49
53584 50
53584 51
53584 52
53584 53
53584 54
53584 55
53584 56
53584 57
53584 58
53584 59
53584 60
53584 61
53584 62
53584 63
53584 64
53584 65
53584 66
53584 67
53584 68
53584 69
53584 70
53584 71
53584 72
53584 73
53584 74
53584 75
53584 76
53584 77
53584 78
53584 79
53584 80
53584 81
53584 82
53584 83
53584 84
53584 85
53584 86
53584 87
53584 88
53584 89
53584 90
53584 91
53584 92
53584 93
53584 94
53584 95
53584 96
53584 97
53584 98
53584 99
53584 100
53584 101
53584 102
53584 103
53584 104
53584 105
53584 106
53584 107
53584 108
53584 109
53584 110
53584 111
53584 112
53584 113
53584 114
53584 115
53584 116
53584 117
53584 118
53584 119
53584 120
53584 121
53584 122
53584 123
53584 124
53584 125
53584 126
53584 127
53584 128
53584 129
53584 130
53584 131
53584 132
53584 133
53584 134
53584 135
53584 136
53584 137
53584 138
53584 139
53584 140
53584 141
53584 142
53584 143
53591 0
53591 1
53591 2
53591 3
53591 4
53591 5
53591 6
53591 7
53591 8
53591 9
53591 10
53591 11
53591 12
53591 13
53591 14
53591 15
53591 16
53591 17
53591 18
53591 19
53591 20
53591 21
53591 22
53591 23
53591 24
53591 25
53591 26
53591 27
53591 28
53760 0
53760 1
53760 2
53760 3
53760 4
53760 5
53760 6
53760 7
53760 8
53760 9
53760 10
53760 11
53760 12
53760 13
53760 14
53760 15
53760 16
53760 17
53760 18
53760 19
53760 20
53760 21
53760 22
53760 23
53760 24
53760 25
53760 26
53760 27
53760 28
53760 29
53760 30
53760 31
53760 32
53760 33
53760 34
53760 35
53760 36
53760 37
53760 38
53760 39
53760 40
53760 41
53760 42
53760 43
53760 44
53760 45
53760 46
53760 47
53760 48
53760 49
53760 50
53760 51
53760 52
53760 53
53760 54
53760 55
53760 56
53760 57
53760 58
53760 59
53760 60
53760 61
53760 62
53760 63
53760 64
53760 65
53760 66
53760 67
53760 68
53760 69
53760 70
53760 71
53760 72
53760 73
53760 74
53760 75
53760 76
53760 77
53760 78
53760 79
53760 80
53760 81
53760 82
53760 83
53760 84
53760 85
53760 86
53760 87
53760 88
53760 89
53760 90
53760 91
53760 92
53760 93
53760 94
53760 95
53760 96
53760 97
53760 98
53760 99
53760 100
53760 101
53760 102
53760 103
53760 104
53760 105
53760 106
53760 107
53760 108
53760 109
53760 110
53760 111
53760 112
53760 113
53760 114
53760 115
53760 116
53760 117
53760 118
53760 119
53760 120
53760 121
53760 122
53760 123
53760 124
53760 125
53760 126
53760 127
53760 128
53760 129
53760 130
53760 131
53760 132
53760 133
53760 134
53760 135
53760 136
53760 137
53760 138
53760 139
53760 140
53760 141
53760 142
53760 143
53760 144
53760 145
53760 146
53760 147
53760 148
53760 149
53760 150
53760 151
53760 152
53760 153
53760 154
53760 155
53760 156
53760 157
53760 158
53760 159
53760 160
53760 161
53760 162
53760 163
53760 164
53760 165
53760 166
53760 167
53760 168
53760 169
53760 170
53760 171
53760 172
53760 173
53760 174
53760 175
53760 176
53760 177
53760 178
53760 179
53760 180
53760 181
53760 182
53760 183
53760 184
53760 185
53760 186
53760 187
53760 188
53760 189
53760 190
53760 191
53760 192
53760 193
53760 194
53760 195
53760 196
53760 197
53760 198
53760 199
53760 200
53760 201
53760 202
53760 203
53760 204
53760 205
53760 206
53760 207
53760 208
53760 209
53760 210
53760 211
53760 212
53760 213
53760 214
53760 215
53760 216
53760 217
53760 218
53760 219
53760 220
53760 221
53760 222
53760 223
53760 224
53760 225
53760 226
53760 227
53760 228
53760 229
53760 230
53760 231
53760 232
53760 233
53760 234
53760 235
53760 236
53760 237
53760 238
53760 239
53760 240
53760 241
53760 242
53760 243
53760 244
53760 245
53760 246
53760 247
53760 248
53760 249
53760 250
53760 251
53760 252
53760 253
53760 254
53760 255
53760 256
53760 257
53760 258
53760 259
53760 260
53760 261
53760 262
53760 263
53760 264
53760 265
53760 266
53760 267
53760 268
53760 269
53760 270
53760 271
53760 272
53760 273
53760 274
53777 0
53777 1
53777 2
53777 3
53777 4
53777 5
53777 6
53777 7
53777 8
53777 9
53777 10
53777 11
53777 12
53777 13
53777 14
53777 15
53777 16
53777 17
53777 18
53777 19
53777 20
53777 21
53777 22
53777 23
53777 24
53777 25
53777 26
53777 27
53777 28
53777 29
53777 30
53777 31
53777 32
53777 33
53777 34
53777 35
53777 36
53777 37
53777 38
53777 39
53777 40
53777 41
53777 42
53777 43
53777 44
53777 45
53777 46
53777 47
53777 48
53777 49
53777 50
53777 51
53777 52
53777 53
53777 54
53777 55
53777 56
53777 57
53777 58
53777 59
53777 60
53777 61
53777 62
53777 63
53777 64
53777 65
53777 66
53777 67
53777 68
53777 69
53777 70
53777 71
53777 72
53777 73
53777 74
53777 75
53777 76
53777 77
53777 78
53777 79
53777 80
53777 81
53777 82
53777 83
53777 84
53777 85
53777 86
53777 87
53777 88
53777 89
53777 90
53777 91
53777 92
53777 93
53777 94
53777 95
53777 96
53777 97
53777 98
53777 99
53777 100
53777 101
53777 102
53777 103
53777 104
53777 105
53777 106
53777 107
53777 108
53777 109
53777 110
53777 111
53777 112
53777 113
53777 114
53777 115
53777 116
53777 117
53777 118
53777 119
53777 120
53777 121
53777 122
53777 123
53777 124
53777 125
53777 126
53777 127
53777 128
53777 129
53777 130
53777 131
53777 132
53777 133
53777 134
53777 135
53777 136
53777 137
53777 138
53777 139
53777 140
53777 141
53777 142
53777 143
53777 144
53777 145
53777 146
53777 147
53777 148
53777 149
53777 150
53777 151
53777 152
53777 153
53777 154
53777 155
53777 156
53777 157
53777 158
53777 159
53777 160
53777 161
53777 162
53777 163
53777 164
53777 165
53777 166
53777 167
53777 168
53777 169
53777 170
53777 171
53777 172
53777 173
53777 174
53777 175
53777 176
53777 177
53777 178
53777 179
53777 180
53777 181
53777 182
53777 183
53777 184
53777 185
53777 186
53777 187
53777 188
53777 189
53777 190
53777 191
53777 192
53777 193
53777 194
53777 195
53777 196
53777 197
53777 198
53777 199
53777 200
53777 201
53777 202
53777 203
53777 204
53777 205
53777 206
53777 207
53777 208
53777 209
53777 210
53777 211
53777 212
53777 213
53777 214
53777 215
53777 216
53777 217
53777 218
53777 219
53777 220
53777 221
53777 222
53777 223
53777 224
53777 225
53777 226
53777 227
53777 228
53777 229
53777 230
53777 231
53777 232
53777 233
53777 234
53777 235
53777 236
53777 237
53777 238
53777 239
53777 240
53777 241
53777 242
53777 243
53777 244
53777 245
53777 246
53777 247
53777 248
53777 249
53777 250
53777 251
53777 252
53777 253
53777 254
53777 255
53777 256
53777 257
53777 258
53777 259
53777 260
53777 261
53777 262
53777 263
53777 264
53777 265
53777 266
53777 267
