47698 0
47698 1
47698 2
47698 3
47698 4
47698 5
47698 6
47698 7
47698 8
47698 9
47698 10
47698 11
47698 12
47698 13
47698 14
47698 15
47698 16
47698 17
47698 18
47698 19
47698 20
47698 21
47698 22
47698 23
47698 24
47698 25
47698 26
47698 27
47698 28
47698 29
47698 30
47698 31
47698 32
47698 33
47698 34
47698 35
47698 36
47698 37
47698 38
47698 39
47698 40
47698 41
47698 42
47698 43
47698 44
47698 45
47698 46
47698 47
47698 48
47698 49
47698 50
47698 51
47698 52
47698 53
47698 54
47698 55
47698 56
47698 57
47698 58
47698 59
47698 60
47698 61
47698 62
47698 63
47698 64
47698 65
47698 66
47698 67
47698 68
47698 69
47698 70
47698 71
47698 72
47698 73
47698 74
47698 75
48445 0
48445 1
48445 2
48445 3
48445 4
48445 5
48445 6
48445 7
48445 8
48445 9
48445 10
48445 11
48445 12
48445 13
48445 14
48445 15
48445 16
48445 17
48445 18
48445 19
48445 20
48445 21
48445 22
48445 23
48445 24
48445 25
48445 26
48445 27
48445 28
48445 29
48445 30
48445 31
48445 32
48445 33
48445 34
48445 35
48445 36
48445 37
48445 38
48445 39
48445 40
48445 41
48445 42
48445 43
48445 44
48445 45
48445 46
48445 47
48445 48
48445 49
48445 50
48445 51
48445 52
48445 53
48445 54
48445 55
48445 56
48445 57
48445 58
48445 59
48445 60
48445 61
48445 62
48445 63
48445 64
48445 65
48445 66
48445 67
48445 68
48445 69
48445 70
48445 71
48445 72
48445 73
48445 74
48445 75
48445 76
48445 77
48445 78
48445 79
48445 80
48445 81
48445 82
48445 83
48445 84
48445 85
48445 86
48445 87
48445 88
48445 89
48445 90
48445 91
48445 92
48445 93
48445 94
48445 95
48445 96
48445 97
48445 98
48445 99
48445 100
48445 101
48445 102
48445 103
48445 104
48445 105
48445 106
48445 107
48445 108
48445 109
48446 0
48446 1
48446 2
48446 3
48446 4
48446 5
48446 6
48446 7
48446 8
48446 9
48446 10
48446 11
48446 12
48446 13
48446 14
48446 15
48446 16
48446 17
48446 18
48446 19
48446 20
48446 21
48446 22
48446 23
48446 24
48446 25
48446 26
48446 27
48446 28
48446 29
48446 30
48446 31
48446 32
48446 33
48446 34
48446 35
48446 36
48446 37
48446 38
48446 39
48446 40
48446 41
48446 42
48446 43
48446 44
48446 45
48446 46
48446 47
48446 48
48446 49
48446 50
48446 51
48446 52
48446 53
48446 54
48446 55
48446 56
48446 57
48446 58
48446 59
48446 60
48446 61
48446 62
48446 63
48446 64
48446 65
48446 66
48446 67
48446 68
48446 69
48446 70
48446 71
48446 72
48446 73
48446 74
48446 75
48446 76
48446 77
48446 78
48446 79
48446 80
48446 81
48446 82
48446 83
48446 84
48446 85
48446 86
48446 87
48446 88
48446 89
48446 90
48446 91
48446 92
48446 93
48446 94
48446 95
48446 96
48446 97
48446 98
48446 99
48446 100
48446 101
48447 0
48447 1
48447 2
48447 3
48447 4
48447 5
48447 6
48447 7
48447 8
48447 9
48447 10
48447 11
48447 12
48447 13
48447 14
48447 15
48447 16
48447 17
48447 18
48447 19
48447 20
48447 21
48447 22
48447 23
48447 24
48447 25
48447 26
48447 27
48447 28
48447 29
48447 30
48447 31
48447 32
48447 33
48447 34
48447 35
48447 36
48447 37
48447 38
48447 39
48447 40
48447 41
48447 42
48447 43
48447 44
48447 45
48447 46
48447 47
48447 48
48447 49
48447 50
48447 51
48447 52
48447 53
48447 54
48447 55
48447 56
48447 57
48447 58
48447 59
48447 60
48447 61
48447 62
48447 63
48447 64
48447 65
48447 66
48447 67
48447 68
48447 69
48447 70
48447 71
48447 72
48447 73
48447 74
48447 75
48447 76
48447 77
48447 78
48447 79
48447 80
48447 81
48447 82
49248 206
49248 224
51488 0
51488 1
51488 2
51488 3
51488 4
51488 5
51488 6
51488 7
51488 8
51489 0
51489 1
51489 2
51489 3
51489 4
51489 5
51489 6
51489 7
51489 8
51489 9
51489 10
52721 13
53350 0
53378 1
53408 1
53411 1
53423 2
53435 1
53450 1
53520 8
53550 115
53582 126
53670 10
53758 13
53787 9
53835 13
