47287 60
47291 46
47306 57
47333 56
47352 288
47357 69
47360 273
47376 207
47379 102
47381 115
47391 176
47393 47
47394 44
47395 165
47396 221
47397 27
47399 118
47443 140
47451 30
47454 254
47455 31
47457 187
47462 76
47463 365
47474 133
47480 154
47481 39
47482 65
47485 64
47492 117
47495 298
47505 67
47507 176
47514 136
47517 342
47538 34
47540 407
47541 87
47542 77
47543 48
47548 58
47549 275
47568 157
47582 181
47628 219
47636 104
47650 129
47657 133
47658 304
47659 72
47661 188
47662 122
47666 143
47714 170
47715 59
47719 103
47721 35
47722 224
47723 243
47729 49
47730 59
47743 438
47744 187
47748 68
47749 36
47754 31
47757 95
47824 205
47852 53
47869 72
47889 288
47973 70
47977 90
47978 198
47979 235
47998 94
47999 137
48001 97
48008 214
48073 193
48082 63
48085 212
48097 70
48099 259
48172 129
48179 130
48189 26
48190 52
48234 29
48238 124
48239 118
48244 34
48284 52
48320 81
48324 167
48325 163
48343 42
48418 27
48427 150
48446 101
48463 175
48510 58
48512 62
48524 28
48527 49
48638 108
48639 133
48640 128
48656 40
48706 37
48721 76
48725 176
48726 256
48730 24
48732 32
48734 189
48735 281
48736 77
48742 438
48745 45
48801 193
48803 99
48805 144
48811 35
48812 198
48813 117
48814 234
48826 150
48828 327
48830 54
48864 155
48868 53
48872 108
48873 111
48874 76
48875 221
48876 99
48883 41
48884 53
48885 25
48888 102
48901 56
48903 242
48938 77
48940 63
48947 128
48951 74
48952 245
48976 41
48982 74
48983 228
48984 102
48986 137
48987 49
48989 310
48990 100
49019 171
49023 103
49026 56
49027 50
49031 66
49033 15
49034 121
49035 63
49043 65
49044 86
49050 23
49053 142
49057 185
49059 27
49062 134
49064 156
49065 204
49066 105
49067 156
49068 91
49070 118
49071 114
49072 168
49098 25
49110 288
49113 155
49114 141
49117 327
49125 207
49126 117
49128 203
49132 220
49134 190
49135 111
49137 334
49139 201
49142 202
49144 22
49155 72
49158 150
49159 195
49165 86
49168 188
49220 155
49227 143
49228 195
49232 243
49244 142
49245 72
49246 74
49248 299
49249 205
49253 169
49254 78
49255 230
49261 43
49262 92
49263 110
49268 112
49308 59
49309 91
49313 45
49314 185
49316 195
49317 40
49324 172
49326 39
49329 92
49330 128
49332 33
49342 96
49345 144
49347 43
49348 179
49351 100
49352 233
49353 110
49358 188
49359 188
49360 128
49363 36
49365 251
49368 62
49373 149
49376 116
49377 100
49379 72
49382 150
49383 214
49385 187
49386 28
49389 36
49397 83
49398 119
49399 106
49400 94
49401 59
49404 101
49405 39
49407 71
49408 101
49432 102
49437 52
49439 108
49446 65
49447 252
49448 161
49449 36
49451 281
49452 118
49453 134
49454 85
49455 31
49457 124
49468 153
49652 38
49656 153
49657 24
49658 35
49659 139
49660 79
49661 105
49662 74
49664 73
49665 312
49666 184
49736 24
49760 103
49761 33
49762 26
49763 117
49910 105
49919 80
49921 29
49922 238
49923 279
49926 130
49928 23
49929 23
49930 25
49932 119
49955 24
49960 60
49961 191
49962 79
49964 87
49965 102
49967 75
49970 300
50034 244
50046 93
50047 107
50048 288
50067 80
50068 90
50070 59
50074 54
50075 208
50076 71
50077 24
50232 295
50253 45
50313 233
50330 147
50343 190
50356 92
50377 319
50380 38
50417 69
50424 155
50463 112
50466 281
50467 65
50468 103
50470 62
50471 30
50492 192
50493 87
50500 284
50517 19
50520 100
50522 49
50527 52
50528 87
50529 181
50530 50
50531 28
50535 89
50546 63
50549 105
50552 293
50553 74
50554 143
50558 132
50560 137
50561 78
50562 73
50563 42
50564 34
50565 115
50569 88
50570 66
50596 213
50598 70
50599 181
50601 82
50603 264
50604 32
50605 95
50606 194
50614 69
50615 45
50616 64
50653 19
50654 201
50655 46
50656 163
50660 48
50661 24
50662 78
50663 108
50667 180
50668 193
50669 304
50670 33
50672 23
50673 249
50674 97
50675 136
50676 43
50677 51
50678 47
50853 60
50854 20
50857 268
50862 141
50863 35
50872 172
50874 128
50875 91
50876 101
50885 92
50886 88
50897 46
50950 29
50962 67
50965 56
50969 98
50973 185
50987 126
50996 131
51002 37
51006 28
51008 50
51012 114
51107 24
51109 59
51159 258
51160 135
51162 105
51163 28
51165 38
51166 30
51175 123
51178 300
51179 73
51180 27
51181 113
51182 34
51183 35
51187 29
51200 109
51201 98
51202 78
51206 151
51208 103
51209 144
51210 143
51211 152
51212 276
51213 37
51214 59
51215 224
51217 33
51220 82
51221 93
51225 59
51226 27
51228 230
51230 80
51236 89
51237 75
51276 8
51284 63
51286 13
51295 3
51296 5
51298 53
51336 14
51338 88
51339 77
51395 34
51396 160
51428 87
51429 16
51430 61
51432 112
51434 143
51446 25
51450 22
51452 84
51453 14
51457 33
51503 9
51505 58
51509 41
51512 36
51516 8
51560 9
51563 20
51564 69
51575 37
51606 5
51607 18
51615 48
51616 78
51617 106
51618 116
51712 44
51719 27
51738 40
51740 37
51741 187
51742 74
51753 114
51754 133
51766 14
51772 24
51778 13
51825 135
51826 160
51838 18
51839 138
51841 18
51842 71
51843 38
51854 74
51858 222
51860 99
51865 27
51878 52
51906 154
51908 148
51921 194
51924 132
51925 184
51929 118
51933 18
51941 52
51942 184
51943 55
51944 18
51945 101
51946 129
51948 55
51949 103
51950 36
51953 36
51954 299
51955 73
51958 27
51960 152
51977 36
51978 30
51983 30
51988 265
51997 26
52019 88
52025 14
52027 133
52030 100
52034 21
52038 62
52043 63
52044 16
52045 161
52050 269
52065 13
52068 32
52097 17
52103 47
52104 171
52108 129
52109 72
52110 30
52112 28
52144 17
52194 99
52199 24
52205 170
52268 112
52276 251
52287 226
52289 68
52290 27
52291 71
52292 132
52295 42
52314 106
52317 30
52319 68
52323 354
52325 268
52326 283
52344 66
52345 285
52348 217
52357 42
52360 305
52366 298
52367 43
52368 68
52370 373
52372 120
52378 47
52380 233
52381 58
52391 243
52392 120
52393 92
52394 206
52395 40
52396 187
52397 161
52402 91
52403 183
52405 121
52415 130
52417 81
52418 93
52419 193
52420 391
52421 174
52422 305
52423 120
52434 262
52437 215
52440 51
52441 95
52442 65
52448 232
52456 40
52459 221
52460 171
52467 213
52470 126
52474 228
52485 86
52522 159
52575 180
52576 121
52580 100
52593 141
52595 44
52610 108
52616 93
52618 26
52619 81
52627 197
52629 126
52637 142
52638 80
52643 208
52652 192
52653 105
52656 41
52658 85
52660 81
52677 73
52680 199
52685 38
52724 182
52728 46
52749 170
52752 113
52753 34
52754 213
52756 182
52778 134
52779 134
52782 199
52783 31
52784 86
52805 40
52813 49
52814 125
52816 106
52849 93
52857 134
52858 164
52874 124
52875 73
52879 27
52895 54
52897 108
52898 52
52902 200
52905 15
52910 148
52911 231
53019 124
53020 168
53021 154
53022 43
53026 78
53027 244
53049 42
53050 279
53052 26
53055 169
53056 40
53057 60
53058 142
53064 26
53065 242
53067 28
53068 277
53069 100
53070 252
53073 210
53074 69
53080 31
53082 74
53166 134
53167 176
53172 250
53173 28
53194 250
53197 95
53201 32
53202 290
53204 85
53213 175
53216 99
53217 100
53218 122
53221 62
53223 181
53224 242
53226 282
53243 39
53244 244
53246 183
53247 348
53248 40
53257 251
53258 53
53259 38
53260 347
53261 87
53289 119
53290 242
53291 118
53292 25
53296 35
53297 290
53300 173
53307 346
53308 155
53311 95
53312 238
53313 273
53330 16
53333 278
53334 29
53337 142
53338 64
53340 58
53341 349
53342 122
53343 114
53346 215
53347 275
53364 34
53366 160
53367 237
53369 40
53374 27
53375 66
53376 194
53377 23
53378 72
53386 218
53387 321
53388 334
53389 170
53392 134
53393 326
53394 83
53398 180
53406 43
53409 84
53410 303
53411 286
53424 41
53428 329
53451 111
53452 271
53454 97
53465 92
53469 197
53471 57
53473 134
53474 67
53483 175
53488 58
53491 304
53493 240
53505 49
53511 142
53512 203
53513 121
53514 164
53515 346
53516 156
53517 44
53519 162
53531 206
53532 119
53537 171
53538 143
53539 180
53551 189
53552 104
53553 106
53554 184
53555 60
53556 302
53559 282
53581 318
53582 346
53585 37
53586 341
53587 67
53592 228
53593 266
53596 342
53617 39
53618 126
53619 191
53622 40
53624 320
53625 222
53632 98
53634 53
53637 88
53639 188
53647 70
53649 67
53650 75
53667 113
53668 274
53669 204
53672 172
53673 60
53674 102
53680 206
53686 219
53687 22
53705 164
53710 331
53711 36
53714 140
53716 63
53717 297
53719 129
53720 36
53735 204
53740 168
53741 28
53742 30
53743 236
53752 193
53755 151
53756 134
53757 83
53770 126
53776 51
53783 109
53784 273
53785 21
53788 96
53789 33
53790 49
53791 349
53794 276
53795 147
53812 231
53813 130
53819 37
53820 282
53821 38
53822 160
53823 339
53824 70
53827 174
53831 102
53832 273
53835 38
53853 56
53856 69
53857 58
53864 189
53875 220
